Confusion Matrix for K =  2
[[72  0  3  9  6  0]
 [24 37  6  9 13  1]
 [40  1 24 10 13  2]
 [31  1  5 40 11  2]
 [39  1  4 15 29  2]
 [41  3  7 12 10 17]]
Average F score is  0.427299703264095
Accuracy : % 80.18518518518518
Correct Classification: % 40.55555555555556
K-value Accuracies
[80.18518519  0.          0.          0.          0.          0.
  0.          0.          0.          0.          0.          0.
  0.          0.          0.          0.        ]

[40.55555556  0.          0.          0.          0.          0.
  0.          0.          0.          0.          0.          0.
  0.          0.          0.          0.        ]

[0.39948363 0.         0.         0.         0.         0.
 0.         0.         0.         0.         0.         0.
 0.         0.         0.         0.        ]
3
Confusion Matrix for K =  3
[[72  0  3  9  6  0]
 [24 37  6  9 13  1]
 [40  1 24 10 13  2]
 [31  1  5 40 11  2]
 [39  1  4 15 29  2]
 [41  3  7 12 10 17]]
Average F score is  0.427299703264095
Accuracy : % 80.18518518518518
Correct Classification: % 40.55555555555556
K-value Accuracies
[80.18518519 80.18518519  0.          0.          0.          0.
  0.          0.          0.          0.          0.          0.
  0.          0.          0.          0.        ]

[40.55555556 40.55555556  0.          0.          0.          0.
  0.          0.          0.          0.          0.          0.
  0.          0.          0.          0.        ]

[0.39948363 0.39948363 0.         0.         0.         0.
 0.         0.         0.         0.         0.         0.
 0.         0.         0.         0.        ]
4
Confusion Matrix for K =  4
[[69  0  3 11  7  0]
 [22 39  7 11 10  1]
 [42  2 25  8 12  1]
 [36  1  3 44  4  2]
 [38  2  8 14 26  2]
 [39  3  9 12  9 18]]
Average F score is  0.4107142857142857
Accuracy : % 80.30864197530863
Correct Classification: % 40.925925925925924
K-value Accuracies
[80.18518519 80.18518519 80.30864198  0.          0.          0.
  0.          0.          0.          0.          0.          0.
  0.          0.          0.          0.        ]

[40.55555556 40.55555556 40.92592593  0.          0.          0.
  0.          0.          0.          0.          0.          0.
  0.          0.          0.          0.        ]

[0.39948363 0.39948363 0.40549104 0.         0.         0.
 0.         0.         0.         0.         0.         0.
 0.         0.         0.         0.        ]
5
Confusion Matrix for K =  5
[[69  0  3 12  6  0]
 [23 45  6  9  6  1]
 [38  2 25 10 12  3]
 [32  1  4 41 10  2]
 [36  2  9 16 25  2]
 [35  3 10 11  9 22]]
Average F score is  0.4272445820433437
Accuracy : % 80.67901234567901
Correct Classification: % 42.03703703703703
K-value Accuracies
[80.18518519 80.18518519 80.30864198 80.67901235  0.          0.
  0.          0.          0.          0.          0.          0.
  0.          0.          0.          0.        ]

[40.55555556 40.55555556 40.92592593 42.03703704  0.          0.
  0.          0.          0.          0.          0.          0.
  0.          0.          0.          0.        ]

[0.39948363 0.39948363 0.40549104 0.41895601 0.         0.
 0.         0.         0.         0.         0.         0.
 0.         0.         0.         0.        ]
6
Confusion Matrix for K =  6
[[67  0  3 12  8  0]
 [19 44  8 14  4  1]
 [34  2 30  9 12  3]
 [34  1  4 44  6  1]
 [34  2  9 16 27  2]
 [37  3  9 12  7 22]]
Average F score is  0.4253968253968254
Accuracy : % 81.11111111111113
Correct Classification: % 43.33333333333333
K-value Accuracies
[80.18518519 80.18518519 80.30864198 80.67901235 81.11111111  0.
  0.          0.          0.          0.          0.          0.
  0.          0.          0.          0.        ]

[40.55555556 40.55555556 40.92592593 42.03703704 43.33333333  0.
  0.          0.          0.          0.          0.          0.
  0.          0.          0.          0.        ]

[0.39948363 0.39948363 0.40549104 0.41895601 0.43406163 0.
 0.         0.         0.         0.         0.         0.
 0.         0.         0.         0.        ]
7
Confusion Matrix for K =  7
[[70  0  2 11  7  0]
 [22 46  8 10  3  1]
 [33  2 30  9 12  4]
 [33  2  5 39 10  1]
 [39  2 10 11 25  3]
 [35  3 12 11  6 23]]
Average F score is  0.43478260869565216
Accuracy : % 81.04938271604938
Correct Classification: % 43.14814814814814
K-value Accuracies
[80.18518519 80.18518519 80.30864198 80.67901235 81.11111111 81.04938272
  0.          0.          0.          0.          0.          0.
  0.          0.          0.          0.        ]

[40.55555556 40.55555556 40.92592593 42.03703704 43.33333333 43.14814815
  0.          0.          0.          0.          0.          0.
  0.          0.          0.          0.        ]

[0.39948363 0.39948363 0.40549104 0.41895601 0.43406163 0.43103613
 0.         0.         0.         0.         0.         0.
 0.         0.         0.         0.        ]
8
Confusion Matrix for K =  8
[[69  0  2 12  7  0]
 [18 46 10 11  4  1]
 [32  4 32  8 10  4]
 [34  1  5 43  6  1]
 [35  2 11 13 26  3]
 [30  2 12 14  8 24]]
Average F score is  0.448051948051948
Accuracy : % 81.48148148148148
Correct Classification: % 44.44444444444445
K-value Accuracies
[80.18518519 80.18518519 80.30864198 80.67901235 81.11111111 81.04938272
 81.48148148  0.          0.          0.          0.          0.
  0.          0.          0.          0.        ]

[40.55555556 40.55555556 40.92592593 42.03703704 43.33333333 43.14814815
 44.44444444  0.          0.          0.          0.          0.
  0.          0.          0.          0.        ]

[0.39948363 0.39948363 0.40549104 0.41895601 0.43406163 0.43103613
 0.4437455  0.         0.         0.         0.         0.
 0.         0.         0.         0.        ]
9
Confusion Matrix for K =  9
[[72  0  2 10  6  0]
 [17 49 10 10  3  1]
 [31  2 34  8 11  4]
 [32  1  7 39 10  1]
 [37  3 12 10 25  3]
 [31  3 12 11  9 24]]
Average F score is  0.46451612903225803
Accuracy : % 81.66666666666667
Correct Classification: % 45.0
K-value Accuracies
[80.18518519 80.18518519 80.30864198 80.67901235 81.11111111 81.04938272
 81.48148148 81.66666667  0.          0.          0.          0.
  0.          0.          0.          0.        ]

[40.55555556 40.55555556 40.92592593 42.03703704 43.33333333 43.14814815
 44.44444444 45.          0.          0.          0.          0.
  0.          0.          0.          0.        ]

[0.39948363 0.39948363 0.40549104 0.41895601 0.43406163 0.43103613
 0.4437455  0.4478309  0.         0.         0.         0.
 0.         0.         0.         0.        ]
10
Confusion Matrix for K =  10
[[71  0  2 11  6  0]
 [16 50 12  9  2  1]
 [31  2 37  8  8  4]
 [29  2  7 41 11  0]
 [34  3 12 10 28  3]
 [26  5 17 11  5 26]]
Average F score is  0.4781144781144781
Accuracy : % 82.28395061728395
Correct Classification: % 46.85185185185185
K-value Accuracies
[80.18518519 80.18518519 80.30864198 80.67901235 81.11111111 81.04938272
 81.48148148 81.66666667 82.28395062  0.          0.          0.
  0.          0.          0.          0.        ]

[40.55555556 40.55555556 40.92592593 42.03703704 43.33333333 43.14814815
 44.44444444 45.         46.85185185  0.          0.          0.
  0.          0.          0.          0.        ]

[0.39948363 0.39948363 0.40549104 0.41895601 0.43406163 0.43103613
 0.4437455  0.4478309  0.46705534 0.         0.         0.
 0.         0.         0.         0.        ]
11
Confusion Matrix for K =  11
[[72  0  2  9  7  0]
 [12 55 10 11  1  1]
 [29  3 38  9  8  3]
 [29  1  8 41 11  0]
 [36  3 13  9 26  3]
 [26  5 17 11  6 25]]
Average F score is  0.489795918367347
Accuracy : % 82.53086419753087
Correct Classification: % 47.59259259259259
K-value Accuracies
[80.18518519 80.18518519 80.30864198 80.67901235 81.11111111 81.04938272
 81.48148148 81.66666667 82.28395062 82.5308642   0.          0.
  0.          0.          0.          0.        ]

[40.55555556 40.55555556 40.92592593 42.03703704 43.33333333 43.14814815
 44.44444444 45.         46.85185185 47.59259259  0.          0.
  0.          0.          0.          0.        ]

[0.39948363 0.39948363 0.40549104 0.41895601 0.43406163 0.43103613
 0.4437455  0.4478309  0.46705534 0.47196401 0.         0.
 0.         0.         0.         0.        ]
12
Confusion Matrix for K =  12
[[71  0  3 10  6  0]
 [11 53 12 12  1  1]
 [28  2 41  9  7  3]
 [31  1  8 39 10  1]
 [31  3 15 10 29  2]
 [25  4 17 11  5 28]]
Average F score is  0.49477351916376305
Accuracy : % 82.77777777777779
Correct Classification: % 48.333333333333336
K-value Accuracies
[80.18518519 80.18518519 80.30864198 80.67901235 81.11111111 81.04938272
 81.48148148 81.66666667 82.28395062 82.5308642  82.77777778  0.
  0.          0.          0.          0.        ]

[40.55555556 40.55555556 40.92592593 42.03703704 43.33333333 43.14814815
 44.44444444 45.         46.85185185 47.59259259 48.33333333  0.
  0.          0.          0.          0.        ]

[0.39948363 0.39948363 0.40549104 0.41895601 0.43406163 0.43103613
 0.4437455  0.4478309  0.46705534 0.47196401 0.48321255 0.
 0.         0.         0.         0.        ]
13
Confusion Matrix for K =  13
[[70  0  5 10  5  0]
 [10 55 11 12  1  1]
 [30  3 40 10  5  2]
 [30  1  8 40 11  0]
 [32  5 16  8 27  2]
 [22  6 17 10  5 30]]
Average F score is  0.49295774647887325
Accuracy : % 82.8395061728395
Correct Classification: % 48.51851851851852
K-value Accuracies
[80.18518519 80.18518519 80.30864198 80.67901235 81.11111111 81.04938272
 81.48148148 81.66666667 82.28395062 82.5308642  82.77777778 82.83950617
  0.          0.          0.          0.        ]

[40.55555556 40.55555556 40.92592593 42.03703704 43.33333333 43.14814815
 44.44444444 45.         46.85185185 47.59259259 48.33333333 48.51851852
  0.          0.          0.          0.        ]

[0.39948363 0.39948363 0.40549104 0.41895601 0.43406163 0.43103613
 0.4437455  0.4478309  0.46705534 0.47196401 0.48321255 0.48461828
 0.         0.         0.         0.        ]
14
Confusion Matrix for K =  14
[[69  0  5  9  7  0]
 [11 55 11 11  1  1]
 [30  2 41 11  4  2]
 [31  1  9 39 10  0]
 [32  4 14  8 30  2]
 [24  6 17 10  5 28]]
Average F score is  0.4808362369337979
Accuracy : % 82.8395061728395
Correct Classification: % 48.51851851851852
K-value Accuracies
[80.18518519 80.18518519 80.30864198 80.67901235 81.11111111 81.04938272
 81.48148148 81.66666667 82.28395062 82.5308642  82.77777778 82.83950617
 82.83950617  0.          0.          0.        ]

[40.55555556 40.55555556 40.92592593 42.03703704 43.33333333 43.14814815
 44.44444444 45.         46.85185185 47.59259259 48.33333333 48.51851852
 48.51851852  0.          0.          0.        ]

[0.39948363 0.39948363 0.40549104 0.41895601 0.43406163 0.43103613
 0.4437455  0.4478309  0.46705534 0.47196401 0.48321255 0.48461828
 0.48619858 0.         0.         0.        ]
15
Confusion Matrix for K =  15
[[67  0  5 11  7  0]
 [ 9 55 12 12  1  1]
 [31  2 43 10  2  2]
 [32  1  8 40  9  0]
 [35  5 15  7 27  1]
 [22  6 17 10  5 30]]
Average F score is  0.4685314685314685
Accuracy : % 82.8395061728395
Correct Classification: % 48.51851851851852
K-value Accuracies
[80.18518519 80.18518519 80.30864198 80.67901235 81.11111111 81.04938272
 81.48148148 81.66666667 82.28395062 82.5308642  82.77777778 82.83950617
 82.83950617 82.83950617  0.          0.        ]

[40.55555556 40.55555556 40.92592593 42.03703704 43.33333333 43.14814815
 44.44444444 45.         46.85185185 47.59259259 48.33333333 48.51851852
 48.51851852 48.51851852  0.          0.        ]

[0.39948363 0.39948363 0.40549104 0.41895601 0.43406163 0.43103613
 0.4437455  0.4478309  0.46705534 0.47196401 0.48321255 0.48461828
 0.48619858 0.48738018 0.         0.        ]
16
Confusion Matrix for K =  16
[[70  0  5  9  6  0]
 [ 9 58 11 10  1  1]
 [32  2 44  9  1  2]
 [29  2  9 41  9  0]
 [30  4 16  8 29  3]
 [22  7 17  9  5 30]]
Average F score is  0.49645390070921985
Accuracy : % 83.4567901234568
Correct Classification: % 50.370370370370374
K-value Accuracies
[80.18518519 80.18518519 80.30864198 80.67901235 81.11111111 81.04938272
 81.48148148 81.66666667 82.28395062 82.5308642  82.77777778 82.83950617
 82.83950617 82.83950617 83.45679012  0.        ]

[40.55555556 40.55555556 40.92592593 42.03703704 43.33333333 43.14814815
 44.44444444 45.         46.85185185 47.59259259 48.33333333 48.51851852
 48.51851852 48.51851852 50.37037037  0.        ]

[0.39948363 0.39948363 0.40549104 0.41895601 0.43406163 0.43103613
 0.4437455  0.4478309  0.46705534 0.47196401 0.48321255 0.48461828
 0.48619858 0.48738018 0.50331513 0.        ]
17
Confusion Matrix for K =  17
[[67  0  5 11  7  0]
 [ 8 60 11  9  1  1]
 [29  3 44 10  2  2]
 [30  1  9 40 10  0]
 [29  4 17  8 31  1]
 [21  7 17  9  6 30]]
Average F score is  0.48905109489051096
Accuracy : % 83.45679012345678
Correct Classification: % 50.37037037037037
K-value Accuracies
[80.18518519 80.18518519 80.30864198 80.67901235 81.11111111 81.04938272
 81.48148148 81.66666667 82.28395062 82.5308642  82.77777778 82.83950617
 82.83950617 82.83950617 83.45679012 83.45679012]

[40.55555556 40.55555556 40.92592593 42.03703704 43.33333333 43.14814815
 44.44444444 45.         46.85185185 47.59259259 48.33333333 48.51851852
 48.51851852 48.51851852 50.37037037 50.37037037]

[0.39948363 0.39948363 0.40549104 0.41895601 0.43406163 0.43103613
 0.4437455  0.4478309  0.46705534 0.47196401 0.48321255 0.48461828
 0.48619858 0.48738018 0.50331513 0.50498324]